  -4.000  -0.2727   0.04987   0.03322  -0.0422   0.1200   0.1200
  -3.900  -0.2594   0.04833   0.03137  -0.0432   0.1200   0.1200
  -3.800  -0.2459   0.04685   0.02955  -0.0440   0.1200   0.1200
  -3.700  -0.2322   0.04542   0.02778  -0.0447   0.1200   0.1200
  -3.600  -0.2185   0.04405   0.02607  -0.0452   0.1200   0.1200
  -3.500  -0.2050   0.04275   0.02442  -0.0457   0.1200   0.1200
  -3.400  -0.1915   0.04151   0.02285  -0.0460   0.1200   0.1200
  -3.300  -0.1781   0.04032   0.02136  -0.0461   0.1200   0.1200
  -3.200  -0.1651   0.03921   0.01995  -0.0462   0.1200   0.1200
  -3.100  -0.1524   0.03816   0.01863  -0.0462   0.1200   0.1200
  -3.000  -0.1400   0.03717   0.01740  -0.0461   0.1200   0.1200
  -2.900  -0.1279   0.03625   0.01627  -0.0460   0.1200   0.1200
  -2.800  -0.1161   0.03541   0.01523  -0.0458   0.1200   0.1200
  -2.700  -0.1044   0.03467   0.01429  -0.0456   0.1200   0.1200
  -2.600  -0.0929   0.03402   0.01335  -0.0455   0.1200   0.1200
  -2.500  -0.0814   0.03349   0.01262  -0.0454   0.1200   0.1200
  -2.400  -0.0700   0.03305   0.01196  -0.0453   0.1200   0.1200
  -2.300  -0.0587   0.03269   0.01138  -0.0452   0.1200   0.1200
  -2.200  -0.0474   0.03240   0.01085  -0.0451   0.1200   0.1200
  -2.100  -0.0361   0.03215   0.01038  -0.0450   0.1200   0.1200
  -2.000  -0.0248   0.03194   0.00995  -0.0449   0.1200   0.1200
  -1.900  -0.0136   0.03176   0.00955  -0.0448   0.1200   0.1200
  -1.800  -0.0024   0.03160   0.00918  -0.0447   0.1200   0.1200
  -1.700   0.0088   0.03146   0.00884  -0.0446   0.1200   0.1200
  -1.600   0.0200   0.03134   0.00853  -0.0445   0.1200   0.1200
  -1.500   0.0311   0.03123   0.00824  -0.0444   0.1200   0.1200
  -1.400   0.0423   0.03113   0.00796  -0.0443   0.1200   0.1200
  -1.300   0.0534   0.03105   0.00763  -0.0442   0.1200   0.1200
  -1.200   0.0645   0.03098   0.00740  -0.0441   0.1200   0.1200
  -1.100   0.0756   0.03091   0.00718  -0.0440   0.1200   0.1200
  -1.000   0.0867   0.03086   0.00699  -0.0439   0.1200   0.1200
  -0.900   0.0977   0.03081   0.00681  -0.0438   0.1200   0.1200
  -0.800   0.1087   0.03078   0.00664  -0.0437   0.1200   0.1200
  -0.700   0.1198   0.03075   0.00649  -0.0437   0.1200   0.1200
  -0.600   0.1308   0.03073   0.00636  -0.0436   0.1200   0.1200
  -0.500   0.1418   0.03071   0.00624  -0.0435   0.1200   0.1200
  -0.400   0.1527   0.03070   0.00613  -0.0434   0.1200   0.1200
  -0.300   0.1637   0.03070   0.00604  -0.0433   0.1200   0.1200
  -0.200   0.1747   0.03070   0.00590  -0.0432   0.1200   0.1200
  -0.100   0.1856   0.03071   0.00583  -0.0431   0.1200   0.1200
   0.000   0.1965   0.03073   0.00577  -0.0430   0.1200   0.1200
   0.100   0.2074   0.03075   0.00573  -0.0429   0.1200   0.1200
   0.200   0.2183   0.03078   0.00569  -0.0428   0.1200   0.1200
   0.300   0.2292   0.03081   0.00567  -0.0427   0.1200   0.1200
   0.400   0.2401   0.03084   0.00566  -0.0426   0.1200   0.1200
   0.500   0.2509   0.03088   0.00566  -0.0425   0.1200   0.1200
   0.600   0.2617   0.03093   0.00567  -0.0424   0.1200   0.1200
   0.700   0.2726   0.03098   0.00570  -0.0423   0.1200   0.1200
   0.800   0.2834   0.03104   0.00573  -0.0422   0.1200   0.1200
   0.900   0.2942   0.03110   0.00578  -0.0421   0.1200   0.1200
   1.000   0.3050   0.03116   0.00583  -0.0420   0.1200   0.1200
   1.100   0.3157   0.03123   0.00589  -0.0419   0.1200   0.1200
   1.200   0.3265   0.03131   0.00597  -0.0418   0.1200   0.1200
   1.300   0.3372   0.03138   0.00605  -0.0417   0.1200   0.1200
   1.400   0.3480   0.03147   0.00615  -0.0416   0.1200   0.1200
   1.500   0.3587   0.03156   0.00625  -0.0415   0.1200   0.1200
   1.600   0.3694   0.03165   0.00637  -0.0414   0.1200   0.1200
   1.700   0.3800   0.03175   0.00650  -0.0413   0.1200   0.1200
   1.800   0.3907   0.03185   0.00664  -0.0412   0.1200   0.1200
   1.900   0.4014   0.03196   0.00679  -0.0411   0.1200   0.1200
   2.000   0.4120   0.03207   0.00695  -0.0410   0.1200   0.1200
   2.100   0.4226   0.03219   0.00719  -0.0409   0.1200   0.1200
   2.200   0.4332   0.03232   0.00736  -0.0408   0.1200   0.1200
   2.300   0.4438   0.03244   0.00755  -0.0407   0.1200   0.1200
   2.400   0.4543   0.03258   0.00775  -0.0406   0.1200   0.1200
   2.500   0.4649   0.03272   0.00796  -0.0405   0.1200   0.1200
   2.600   0.4754   0.03287   0.00818  -0.0403   0.1200   0.1200
   2.700   0.4859   0.03302   0.00842  -0.0402   0.1200   0.1200
   2.800   0.4964   0.03317   0.00866  -0.0401   0.1200   0.1200
   2.900   0.5068   0.03334   0.00892  -0.0400   0.1200   0.1200
   3.000   0.5173   0.03351   0.00919  -0.0399   0.1200   0.1200
   3.100   0.5277   0.03369   0.00947  -0.0397   0.1200   0.1200
   3.200   0.5381   0.03387   0.00977  -0.0396   0.1200   0.1200
   3.300   0.5484   0.03406   0.01008  -0.0395   0.1200   0.1200
   3.400   0.5588   0.03426   0.01053  -0.0393   0.1200   0.1200
   3.500   0.5691   0.03447   0.01087  -0.0392   0.1200   0.1200
   3.600   0.5794   0.03468   0.01121  -0.0391   0.1200   0.1200
   3.700   0.5896   0.03490   0.01157  -0.0389   0.1200   0.1200
   3.800   0.5999   0.03513   0.01195  -0.0388   0.1200   0.1200
   3.900   0.6100   0.03537   0.01234  -0.0387   0.1200   0.1200
   4.000   0.6202   0.03562   0.01274  -0.0385   0.1200   0.1200
   4.100   0.6303   0.03588   0.01317  -0.0384   0.1200   0.1200
   4.200   0.6404   0.03615   0.01360  -0.0382   0.1200   0.1200
   4.300   0.6504   0.03643   0.01405  -0.0381   0.1200   0.1200
   4.400   0.6604   0.03673   0.01452  -0.0379   0.1200   0.1200
   4.500   0.6704   0.03703   0.01501  -0.0378   0.1200   0.1200
   4.600   0.6802   0.03735   0.01551  -0.0376   0.1200   0.1200
   4.700   0.6901   0.03768   0.01619  -0.0374   0.1200   0.1200
   4.800   0.7000   0.03802   0.01674  -0.0373   0.1200   0.1200
   4.900   0.7098   0.03838   0.01730  -0.0372   0.1200   0.1200
   5.000   0.7196   0.03876   0.01789  -0.0370   0.1200   0.1200
   5.100   0.7293   0.03915   0.01850  -0.0369   0.1200   0.1200
   5.200   0.7389   0.03956   0.01913  -0.0367   0.1200   0.1200
   5.300   0.7484   0.03998   0.01978  -0.0365   0.1200   0.1200
   5.400   0.7579   0.04042   0.02046  -0.0364   0.1200   0.1200
   5.500   0.7672   0.04089   0.02116  -0.0362   0.1200   0.1200
   5.600   0.7765   0.04138   0.02189  -0.0360   0.1200   0.1200
   5.700   0.7857   0.04189   0.02265  -0.0358   0.1200   0.1200
   5.800   0.7948   0.04242   0.02343  -0.0356   0.1200   0.1200
   5.900   0.8037   0.04299   0.02425  -0.0354   0.1200   0.1200
   6.000   0.8126   0.04359   0.02510  -0.0352   0.1200   0.1200
   6.100   0.8213   0.04423   0.02614  -0.0350   0.1200   0.1200
   6.200   0.8298   0.04492   0.02708  -0.0348   0.1200   0.1200
   6.300   0.8382   0.04564   0.02806  -0.0345   0.1200   0.1200
   6.400   0.8465   0.04641   0.02909  -0.0343   0.1200   0.1200
   6.500   0.8545   0.04723   0.03016  -0.0341   0.1200   0.1200
   6.600   0.8625   0.04811   0.03129  -0.0339   0.1200   0.1200
   6.700   0.8702   0.04906   0.03249  -0.0336   0.1200   0.1200
   6.800   0.8777   0.05007   0.03375  -0.0334   0.1200   0.1200
   6.900   0.8851   0.05116   0.03509  -0.0332   0.1200   0.1200
   7.000   0.8923   0.05234   0.03652  -0.0330   0.1200   0.1200
   7.100   0.8993   0.05362   0.03804  -0.0328   0.1200   0.1200
   7.200   0.9061   0.05500   0.03968  -0.0326   0.1200   0.1200
   7.300   0.9126   0.05651   0.04143  -0.0325   0.1200   0.1200
   7.400   0.9189   0.05813   0.04330  -0.0325   0.1200   0.1200
   7.500   0.9247   0.05988   0.04530  -0.0326   0.1200   0.1200
   7.600   0.9300   0.06173   0.04739  -0.0327   0.1200   0.1200
   7.700   0.9345   0.06368   0.04958  -0.0329   0.1200   0.1200
   7.800   0.9384   0.06573   0.05186  -0.0331   0.1200   0.1200
   7.900   0.9416   0.06787   0.05422  -0.0335   0.1200   0.1200
   8.000   0.9441   0.07008   0.05664  -0.0340   0.1200   0.1200
   8.100   0.9460   0.07238   0.05913  -0.0346   0.1200   0.1200
   8.200   0.9474   0.07478   0.06170  -0.0353   0.1200   0.1200
   8.300   0.9481   0.07722   0.06430  -0.0361   0.1200   0.1200
   8.400   0.9481   0.07969   0.06691  -0.0370   0.1200   0.1200
   8.500   0.9476   0.08219   0.06952  -0.0380   0.1200   0.1200
   8.600   0.9465   0.08470   0.07214  -0.0390   0.1200   0.1200
   8.700   0.9451   0.08723   0.07474  -0.0401   0.1200   0.1200
   8.800   0.9433   0.08976   0.07734  -0.0412   0.1200   0.1200
   8.900   0.9413   0.09230   0.07993  -0.0423   0.1200   0.1200
   9.000   0.9390   0.09484   0.08251  -0.0435   0.1200   0.1200
   9.100   0.9363   0.09737   0.08506  -0.0447   0.1200   0.1200
   9.200   0.9333   0.09984   0.08754  -0.0459   0.1200   0.1200
   9.300   0.9305   0.10236   0.09006  -0.0472   0.1200   0.1200
   9.400   0.9280   0.10493   0.09262  -0.0486   0.1200   0.1200
   9.500   0.9256   0.10755   0.09522  -0.0501   0.1200   0.1200
   9.600   0.9235   0.11016   0.09782  -0.0516   0.1200   0.1200
   9.700   0.9217   0.11273   0.10037  -0.0530   0.1200   0.1200
   9.800   0.9200   0.11525   0.10288  -0.0544   0.1200   0.1200
   9.900   0.9184   0.11773   0.10534  -0.0557   0.1200   0.1200
  10.000   0.9170   0.12017   0.10777  -0.0569   0.1200   0.1200
  10.100   0.9157   0.12257   0.11016  -0.0581   0.1200   0.1200
  10.200   0.9145   0.12495   0.11252  -0.0593   0.1200   0.1200
  10.300   0.9135   0.12729   0.11484  -0.0604   0.1200   0.1200
  10.400   0.9127   0.12961   0.11715  -0.0615   0.1200   0.1200
  10.500   0.9120   0.13190   0.11943  -0.0625   0.1200   0.1200
  10.600   0.9114   0.13417   0.12169  -0.0635   0.1200   0.1200
  10.700   0.9109   0.13641   0.12392  -0.0646   0.1200   0.1200
  10.800   0.9105   0.13864   0.12613  -0.0656   0.1200   0.1200
  10.900   0.9103   0.14085   0.12833  -0.0665   0.1200   0.1200
  11.000   0.9101   0.14304   0.13051  -0.0675   0.1200   0.1200
  11.100   0.9101   0.14521   0.13268  -0.0684   0.1200   0.1200
  11.200   0.9102   0.14736   0.13482  -0.0694   0.1200   0.1200
  11.300   0.9103   0.14950   0.13695  -0.0703   0.1200   0.1200
  11.400   0.9106   0.15162   0.13906  -0.0712   0.1200   0.1200
  11.500   0.9110   0.15372   0.14116  -0.0721   0.1200   0.1200
  11.600   0.9115   0.15581   0.14324  -0.0730   0.1200   0.1200
  11.700   0.9120   0.15789   0.14531  -0.0740   0.1200   0.1200
  11.800   0.9127   0.15995   0.14737  -0.0749   0.1200   0.1200
  11.900   0.9135   0.16200   0.14941  -0.0757   0.1200   0.1200
  12.000   0.9143   0.16403   0.15144  -0.0766   0.1200   0.1200
